              1        1.37068        1.37068              0
              2        1.34087        1.35578      0.0105394
              3        1.35757        1.35637      0.0070431
              4        1.33133        1.35011     0.00757029
              5        1.35715        1.35152     0.00618567
              6         1.3833        1.35682      0.0070675
              7        1.35728        1.35688     0.00605817
              8        1.38263         1.3601     0.00609588
              9        1.40367        1.36494     0.00708451
             10        1.36699        1.36515     0.00637901
             11        1.37531        1.36607     0.00586569
             12        1.37516        1.36683     0.00542558
             13        1.37486        1.36745     0.00504327
             14        1.33583        1.36519     0.00516384
             15        1.34249        1.36368     0.00503634
             16        1.36074        1.36349     0.00472492
             17        1.36575        1.36362     0.00444886
             18        1.32816        1.36165     0.00461741
             19         1.3309        1.36004     0.00464952
             20        1.34867        1.35947     0.00445162
             21        1.37032        1.35998     0.00426956
             22        1.38718        1.36122     0.00425065
             23         1.3537        1.36089     0.00407841
             24        1.34856        1.36038     0.00394074
             25        1.41947        1.36274     0.00443567
             26        1.40145        1.36423     0.00450799
             27        1.35297        1.36381     0.00436028
             28        1.35294        1.36343     0.00422182
             29        1.36591        1.36351     0.00407711
             30        1.37448        1.36388     0.00395756
             31        1.35655        1.36364     0.00383694
             32        1.34172        1.36296      0.0037777
             33        1.35664        1.36276     0.00366807
             34        1.35705         1.3626     0.00356403
             35        1.34553        1.36211     0.00349541
             36        1.35724        1.36197     0.00340093
             37        1.33979        1.36137     0.00336146
             38        1.33967         1.3608     0.00332115
             39         1.3737        1.36113     0.00325241
             40          1.364        1.36121     0.00317189
