              1      -0.461628      -0.461628              0
              2      -0.462028      -0.461828    0.000141421
              3       -0.46348      -0.462379    0.000459396
              4      -0.463276      -0.462603    0.000395546
              5      -0.461544      -0.462391    0.000368809
              6      -0.461832      -0.462298    0.000318899
              7      -0.462052      -0.462263    0.000275272
              8      -0.461372      -0.462151    0.000262422
              9      -0.465652       -0.46254    0.000434605
             10      -0.461568      -0.462443    0.000401876
             11      -0.462332      -0.462433    0.000365469
             12       -0.46266      -0.462452    0.000335502
             13      -0.463072        -0.4625    0.000313066
             14      -0.463016      -0.462537    0.000292868
             15      -0.460724      -0.462416    0.000297229
             16       -0.45988      -0.462257     0.00031811
             17      -0.462872      -0.462293    0.000301446
             18      -0.459696      -0.462149    0.000317363
             19      -0.463276      -0.462208    0.000306152
             20      -0.461996      -0.462198    0.000291029
             21       -0.46386      -0.462277    0.000287733
             22      -0.462912      -0.462306    0.000276098
             23      -0.462816      -0.462328    0.000264983
             24      -0.462444      -0.462333    0.000253986
             25      -0.462952      -0.462358    0.000245031
             26       -0.46056      -0.462288    0.000245167
             27      -0.460888      -0.462237    0.000241512
             28      -0.460964      -0.462191    0.000237124
             29       -0.46258      -0.462205    0.000229326
             30      -0.462456      -0.462213    0.000221835
             31      -0.459456      -0.462124    0.000231821
             32      -0.462144      -0.462125    0.000224578
             33       -0.46078      -0.462084    0.000221438
             34      -0.461956       -0.46208    0.000214957
             35      -0.460588      -0.462037    0.000213001
             36      -0.462108      -0.462039    0.000207093
             37      -0.462408      -0.462049    0.000201736
             38       -0.46298      -0.462074    0.000197908
             39       -0.46364      -0.462114    0.000196865
             40      -0.461576      -0.462101    0.000192402
