              1       0.192573       0.192573              0
              2       0.198091       0.195332     0.00195081
              3       0.191957       0.194207     0.00159223
              4       0.193896       0.194129     0.00119607
              5        0.19451       0.194205    0.000959283
              6       0.194738       0.194294    0.000803502
              7       0.197501       0.194752    0.000808874
              8       0.195086       0.194794    0.000708843
              9       0.196027       0.194931    0.000643179
             10       0.198337       0.195272    0.000662953
             11       0.197394       0.195465    0.000630137
             12       0.198618       0.195727    0.000630029
             13       0.197034       0.195828    0.000589529
             14       0.199906       0.196119    0.000615203
             15       0.200235       0.196394    0.000632439
             16       0.197572       0.196467    0.000597184
             17       0.197861       0.196549    0.000567655
             18       0.196943       0.196571     0.00053654
             19       0.193488       0.196409    0.000532275
             20       0.195836        0.19638     0.00050643
             21       0.198168       0.196465    0.000489416
             22       0.198766        0.19657    0.000478213
             23       0.197613       0.196615    0.000459566
             24       0.195227       0.196557    0.000444041
             25       0.197231       0.196584    0.000427096
             26       0.198132       0.196644    0.000414797
             27       0.197794       0.196686    0.000401616
             28       0.197822       0.196727    0.000389317
             29       0.198247       0.196779    0.000379403
             30       0.195609        0.19674    0.000368758
             31        0.19726       0.196757    0.000357244
             32       0.193719       0.196662    0.000358478
             33       0.198358       0.196714     0.00035128
             34       0.194626       0.196652    0.000346272
             35       0.197938       0.196689    0.000338321
             36        0.19387       0.196611     0.00033786
             37       0.197732       0.196641    0.000330084
             38       0.197619       0.196667      0.0003224
             39       0.195806       0.196645    0.000314887
             40       0.195709       0.196621    0.000307882
