              1      -0.003632      -0.003632              0
              2      -0.003454      -0.003543    6.29325e-05
              3       0.001662      -0.001808     0.00141724
              4        0.00764       0.000554     0.00230523
              5      -0.002426       -4.2e-05     0.00191969
              6       0.002076       0.000311     0.00163187
              7       0.000208    0.000296286     0.00139881
              8       0.002862       0.000617     0.00126019
              9       0.001136    0.000674667     0.00112149
             10       0.002132      0.0008204     0.00101877
             11      -0.007018    0.000107818     0.00114864
             12        0.00363    0.000401333     0.00108977
             13      -0.000994       0.000294     0.00101122
             14       0.002834    0.000475429    0.000955124
             15       -0.00169    0.000331067    0.000902293
             16       0.010452    0.000963625     0.00104435
             17      -0.007406    0.000471294     0.00109282
             18      -0.001376    0.000368667     0.00103692
             19       0.000308    0.000365474    0.000982347
             20       -0.00052      0.0003212    0.000934227
             21        0.00224    0.000412571    0.000894197
             22      -0.007722    4.28182e-05    0.000926852
             23      -0.007752   -0.000296087    0.000946488
             24       0.000376   -0.000268083    0.000907466
             25        0.00071    -0.00022896     0.00087201
             26       0.001394   -0.000166538    0.000840702
             27        -0.0037   -0.000297407    0.000819688
             28        -0.0058   -0.000493929     0.00081363
             29       0.005082   -0.000301655    0.000807973
             30       0.001592   -0.000238533    0.000783503
             31       0.003742   -0.000110129    0.000768678
             32      -0.000194    -0.00011275    0.000744661
             33       0.003782    5.27273e-06    0.000731389
             34       -0.00432   -0.000121941    0.000720856
             35      -0.001992   -0.000175371    0.000702238
             36       -0.00193   -0.000224111     0.00068442
             37      -0.002298   -0.000280162    0.000668214
             38      -0.002454   -0.000337368    0.000653073
             39       0.000944   -0.000304513    0.000637154
             40      -0.000908     -0.0003196    0.000621403
