5.111111111111110716e-01 3.519959999999999756e-01 4.110329999999999713e-03
5.393939393939393145e-01 3.857499999999999818e-01 3.461329999999999876e-03
5.676767676767676685e-01 4.015349999999999753e-01 2.481210000000000186e-03
5.959595959595960224e-01 4.164820000000000189e-01 2.885060000000000055e-03
6.242424242424242653e-01 4.219100000000000072e-01 3.701050000000000000e-03
6.525252525252525082e-01 4.241869999999999807e-01 3.040140000000000203e-03
6.808080808080807511e-01 4.281360000000000166e-01 3.189449999999999924e-03
7.090909090909089940e-01 4.278970000000000273e-01 2.903250000000000015e-03
7.373737373737374590e-01 4.318330000000000224e-01 2.866360000000000088e-03
7.656565656565657019e-01 4.350760000000000183e-01 2.495929999999999937e-03
7.939393939393939448e-01 4.358560000000000212e-01 2.199819999999999900e-03
8.222222222222221877e-01 4.366030000000000189e-01 1.990430000000000064e-03
8.505050505050504306e-01 4.382530000000000037e-01 1.761999999999999894e-03
8.787878787878786735e-01 4.357110000000000150e-01 1.502590000000000045e-03
9.070707070707071384e-01 4.326269999999999838e-01 1.290490000000000040e-03
9.353535353535353813e-01 4.282090000000000063e-01 1.311639999999999985e-03
9.636363636363636243e-01 4.256389999999999896e-01 1.302350000000000079e-03
9.919191919191918672e-01 4.195409999999999973e-01 1.270899999999999938e-03
1.020202020202020110e+00 4.139709999999999779e-01 1.265520000000000013e-03
1.048484848484848353e+00 4.087399999999999922e-01 9.752460000000000339e-04
1.076767676767676818e+00 4.016199999999999770e-01 1.070760000000000028e-03
1.105050505050505061e+00 3.952200000000000157e-01 1.003049999999999905e-03
1.133333333333333304e+00 3.875449999999999728e-01 8.907610000000000050e-04
1.161616161616161547e+00 3.805850000000000066e-01 7.761740000000000262e-04
1.189898989898989790e+00 3.733650000000000024e-01 8.437540000000000534e-04
1.218181818181818032e+00 3.664060000000000095e-01 8.148279999999999716e-04
1.246464646464646275e+00 3.583959999999999924e-01 8.948079999999999749e-04
1.274747474747474740e+00 3.509410000000000029e-01 8.127730000000000328e-04
1.303030303030302983e+00 3.425099999999999811e-01 8.392500000000000437e-04
1.331313131313131226e+00 3.350270000000000192e-01 7.456630000000000333e-04
1.359595959595959469e+00 3.277840000000000198e-01 7.656629999999999773e-04
1.387878787878787712e+00 3.209730000000000083e-01 6.642749999999999783e-04
1.416161616161615955e+00 3.141599999999999948e-01 5.758529999999999769e-04
1.444444444444444420e+00 3.069620000000000126e-01 5.870120000000000372e-04
1.472727272727272663e+00 3.000189999999999801e-01 5.536179999999999704e-04
1.501010101010100906e+00 2.935719999999999996e-01 5.282410000000000404e-04
1.529292929292929148e+00 2.867580000000000129e-01 5.292969999999999706e-04
1.557575757575757391e+00 2.799749999999999739e-01 5.004090000000000534e-04
1.585858585858585634e+00 2.736049999999999871e-01 4.690769999999999814e-04
1.614141414141414099e+00 2.675179999999999780e-01 4.436260000000000247e-04
1.642424242424242342e+00 2.615919999999999912e-01 4.821609999999999937e-04
1.670707070707070585e+00 2.558679999999999843e-01 4.323889999999999830e-04
1.698989898989898828e+00 2.500180000000000180e-01 4.520710000000000158e-04
1.727272727272727071e+00 2.441790000000000072e-01 4.135930000000000227e-04
1.755555555555555314e+00 2.386020000000000085e-01 4.046629999999999845e-04
1.783838383838383779e+00 2.330639999999999934e-01 4.236169999999999931e-04
1.812121212121212022e+00 2.276509999999999923e-01 4.106410000000000008e-04
1.840404040404040265e+00 2.225040000000000073e-01 4.289280000000000241e-04
1.868686868686868507e+00 2.177649999999999864e-01 4.001540000000000045e-04
1.896969696969696750e+00 2.129220000000000002e-01 3.628290000000000052e-04
1.925252525252524993e+00 2.081469999999999987e-01 3.643760000000000228e-04
1.953535353535353458e+00 2.037750000000000117e-01 3.611819999999999853e-04
1.981818181818181701e+00 1.995379999999999932e-01 3.581720000000000259e-04
