5.111111111111110716e-01 3.472729999999999984e-01 3.275269999999999831e-03
5.393939393939393145e-01 3.892280000000000184e-01 2.993659999999999984e-03
5.676767676767676685e-01 4.074200000000000044e-01 2.505219999999999843e-03
5.959595959595960224e-01 4.222750000000000115e-01 3.057269999999999953e-03
6.242424242424242653e-01 4.225590000000000179e-01 2.550549999999999953e-03
6.525252525252525082e-01 4.304509999999999725e-01 2.678400000000000052e-03
6.808080808080807511e-01 4.313879999999999937e-01 3.291220000000000083e-03
7.090909090909089940e-01 4.307500000000000218e-01 2.203220000000000092e-03
7.373737373737374590e-01 4.366140000000000021e-01 2.259999999999999856e-03
7.656565656565657019e-01 4.390859999999999763e-01 2.211610000000000138e-03
7.939393939393939448e-01 4.394390000000000240e-01 2.155530000000000120e-03
8.222222222222221877e-01 4.381249999999999867e-01 2.029159999999999905e-03
8.505050505050504306e-01 4.408079999999999776e-01 1.772979999999999955e-03
8.787878787878786735e-01 4.397469999999999990e-01 1.631980000000000106e-03
9.070707070707071384e-01 4.335019999999999984e-01 1.143259999999999893e-03
9.353535353535353813e-01 4.327489999999999948e-01 1.318930000000000059e-03
9.636363636363636243e-01 4.280880000000000241e-01 1.365270000000000025e-03
9.919191919191918672e-01 4.214660000000000073e-01 1.029549999999999953e-03
1.020202020202020110e+00 4.139450000000000074e-01 1.297870000000000013e-03
1.048484848484848353e+00 4.101040000000000241e-01 9.487509999999999563e-04
1.076767676767676818e+00 4.028999999999999804e-01 8.096359999999999712e-04
1.105050505050505061e+00 3.968479999999999785e-01 1.010269999999999961e-03
1.133333333333333304e+00 3.876029999999999753e-01 9.149769999999999778e-04
1.161616161616161547e+00 3.799299999999999899e-01 7.859110000000000314e-04
1.189898989898989790e+00 3.739230000000000054e-01 9.017419999999999733e-04
1.218181818181818032e+00 3.653529999999999833e-01 7.777100000000000332e-04
1.246464646464646275e+00 3.574330000000000007e-01 7.474750000000000491e-04
1.274747474747474740e+00 3.500240000000000018e-01 7.502169999999999629e-04
1.303030303030302983e+00 3.432959999999999900e-01 7.780089999999999706e-04
1.331313131313131226e+00 3.369880000000000098e-01 7.402160000000000293e-04
1.359595959595959469e+00 3.277749999999999830e-01 6.353729999999999491e-04
1.387878787878787712e+00 3.215370000000000172e-01 5.519330000000000026e-04
1.416161616161615955e+00 3.150310000000000055e-01 6.767239999999999671e-04
1.444444444444444420e+00 3.074959999999999916e-01 6.107159999999999716e-04
1.472727272727272663e+00 2.995760000000000089e-01 6.332139999999999991e-04
1.501010101010100906e+00 2.923680000000000168e-01 4.701020000000000199e-04
1.529292929292929148e+00 2.863640000000000074e-01 6.098289999999999917e-04
1.557575757575757391e+00 2.799159999999999981e-01 5.105570000000000247e-04
1.585858585858585634e+00 2.738780000000000103e-01 5.372410000000000423e-04
1.614141414141414099e+00 2.678989999999999982e-01 4.216660000000000113e-04
1.642424242424242342e+00 2.607590000000000185e-01 4.028409999999999738e-04
1.670707070707070585e+00 2.550490000000000257e-01 4.874859999999999740e-04
1.698989898989898828e+00 2.496579999999999910e-01 4.553240000000000065e-04
1.727272727272727071e+00 2.434570000000000067e-01 3.799839999999999858e-04
1.755555555555555314e+00 2.378530000000000089e-01 3.730459999999999787e-04
1.783838383838383779e+00 2.324340000000000017e-01 4.479120000000000172e-04
1.812121212121212022e+00 2.283179999999999932e-01 4.607780000000000122e-04
1.840404040404040265e+00 2.225509999999999988e-01 3.554259999999999950e-04
1.868686868686868507e+00 2.177989999999999926e-01 4.005750000000000196e-04
1.896969696969696750e+00 2.133660000000000001e-01 3.617660000000000190e-04
1.925252525252524993e+00 2.075329999999999953e-01 4.719839999999999995e-04
1.953535353535353458e+00 2.031310000000000060e-01 3.285399999999999952e-04
1.981818181818181701e+00 1.991429999999999867e-01 3.744959999999999869e-04
