5.111111111111110716e-01 -9.667379999999999862e-01 1.644540000000000108e-03
5.393939393939393145e-01 -9.572349999999999470e-01 1.641110000000000095e-03
5.676767676767676685e-01 -9.472760000000000069e-01 1.409019999999999977e-03
5.959595959595960224e-01 -9.354379999999999917e-01 1.381339999999999998e-03
6.242424242424242653e-01 -9.237279999999999935e-01 9.286669999999999908e-04
6.525252525252525082e-01 -9.123860000000000303e-01 1.111320000000000060e-03
6.808080808080807511e-01 -9.004259999999999486e-01 1.350810000000000032e-03
7.090909090909089940e-01 -8.875969999999999693e-01 1.096280000000000041e-03
7.373737373737374590e-01 -8.760409999999999586e-01 8.696640000000000273e-04
7.656565656565657019e-01 -8.634410000000000140e-01 7.893940000000000115e-04
7.939393939393939448e-01 -8.504350000000000520e-01 7.917760000000000032e-04
8.222222222222221877e-01 -8.381929999999999659e-01 5.420229999999999840e-04
8.505050505050504306e-01 -8.252270000000000438e-01 4.836020000000000227e-04
8.787878787878786735e-01 -8.129459999999999464e-01 6.435189999999999487e-04
9.070707070707071384e-01 -8.015809999999999880e-01 5.792139999999999875e-04
9.353535353535353813e-01 -7.892190000000000039e-01 5.222389999999999715e-04
9.636363636363636243e-01 -7.764219999999999455e-01 4.299069999999999888e-04
9.919191919191918672e-01 -7.647530000000000161e-01 4.906170000000000496e-04
1.020202020202020110e+00 -7.530599999999999516e-01 5.738629999999999773e-04
1.048484848484848353e+00 -7.421640000000000459e-01 6.858879999999999491e-04
1.076767676767676818e+00 -7.308240000000000292e-01 5.837820000000000292e-04
1.105050505050505061e+00 -7.195869999999999767e-01 5.761139999999999664e-04
1.133333333333333304e+00 -7.083110000000000239e-01 5.402640000000000437e-04
1.161616161616161547e+00 -6.971309999999999452e-01 4.428100000000000243e-04
1.189898989898989790e+00 -6.867100000000000426e-01 4.161570000000000069e-04
1.218181818181818032e+00 -6.764700000000000157e-01 4.903190000000000196e-04
1.246464646464646275e+00 -6.663170000000000481e-01 4.923459999999999512e-04
1.274747474747474740e+00 -6.558500000000000441e-01 5.087509999999999949e-04
1.303030303030302983e+00 -6.458589999999999609e-01 5.160940000000000362e-04
1.331313131313131226e+00 -6.359000000000000208e-01 3.918479999999999793e-04
1.359595959595959469e+00 -6.265929999999999556e-01 4.012110000000000047e-04
1.387878787878787712e+00 -6.175089999999999746e-01 3.449349999999999899e-04
1.416161616161615955e+00 -6.086260000000000003e-01 3.260699999999999731e-04
1.444444444444444420e+00 -5.998299999999999743e-01 3.288909999999999924e-04
1.472727272727272663e+00 -5.911480000000000068e-01 3.342689999999999941e-04
1.501010101010100906e+00 -5.827430000000000110e-01 3.631730000000000006e-04
1.529292929292929148e+00 -5.744439999999999547e-01 3.851239999999999807e-04
1.557575757575757391e+00 -5.665499999999999980e-01 4.294009999999999906e-04
1.585858585858585634e+00 -5.586640000000000494e-01 4.070389999999999902e-04
1.614141414141414099e+00 -5.507640000000000313e-01 3.893780000000000114e-04
1.642424242424242342e+00 -5.432310000000000194e-01 4.119829999999999890e-04
1.670707070707070585e+00 -5.359580000000000455e-01 3.867219999999999881e-04
1.698989898989898828e+00 -5.285659999999999803e-01 3.596079999999999763e-04
1.727272727272727071e+00 -5.214790000000000258e-01 3.584179999999999961e-04
1.755555555555555314e+00 -5.146549999999999736e-01 3.706080000000000268e-04
1.783838383838383779e+00 -5.081999999999999851e-01 3.729949999999999889e-04
1.812121212121212022e+00 -5.017580000000000373e-01 3.661739999999999808e-04
1.840404040404040265e+00 -4.955040000000000000e-01 3.574990000000000004e-04
1.868686868686868507e+00 -4.893029999999999879e-01 3.751890000000000021e-04
1.896969696969696750e+00 -4.831960000000000144e-01 3.570550000000000026e-04
1.925252525252524993e+00 -4.773439999999999905e-01 3.617380000000000118e-04
1.953535353535353458e+00 -4.714789999999999814e-01 3.471999999999999826e-04
1.981818181818181701e+00 -4.657970000000000166e-01 3.164360000000000176e-04
