5.111111111111110716e-01 -9.698750000000000426e-01 1.007609999999999929e-03
5.393939393939393145e-01 -9.585700000000000331e-01 1.499930000000000013e-03
5.676767676767676685e-01 -9.483789999999999720e-01 1.067809999999999983e-03
5.959595959595960224e-01 -9.363200000000000411e-01 8.867989999999999640e-04
6.242424242424242653e-01 -9.241310000000000358e-01 1.081799999999999949e-03
6.525252525252525082e-01 -9.107250000000000068e-01 9.012370000000000450e-04
6.808080808080807511e-01 -8.995100000000000318e-01 8.306989999999999557e-04
7.090909090909089940e-01 -8.875269999999999548e-01 7.614569999999999976e-04
7.373737373737374590e-01 -8.760360000000000369e-01 5.671450000000000189e-04
7.656565656565657019e-01 -8.631379999999999608e-01 5.094319999999999838e-04
7.939393939393939448e-01 -8.505819999999999492e-01 6.005920000000000529e-04
8.222222222222221877e-01 -8.383960000000000301e-01 5.034440000000000269e-04
8.505050505050504306e-01 -8.259509999999999907e-01 4.980279999999999690e-04
8.787878787878786735e-01 -8.147649999999999615e-01 7.268850000000000311e-04
9.070707070707071384e-01 -8.020629999999999704e-01 5.926020000000000159e-04
9.353535353535353813e-01 -7.880220000000000002e-01 5.165420000000000428e-04
9.636363636363636243e-01 -7.760230000000000183e-01 4.636730000000000040e-04
9.919191919191918672e-01 -7.650599999999999623e-01 6.370300000000000181e-04
1.020202020202020110e+00 -7.536690000000000333e-01 4.125180000000000101e-04
1.048484848484848353e+00 -7.416460000000000274e-01 4.992109999999999473e-04
1.076767676767676818e+00 -7.297400000000000553e-01 4.403809999999999973e-04
1.105050505050505061e+00 -7.188620000000000010e-01 5.014229999999999729e-04
1.133333333333333304e+00 -7.076329999999999565e-01 4.590649999999999831e-04
1.161616161616161547e+00 -6.972319999999999629e-01 3.801230000000000060e-04
1.189898989898989790e+00 -6.862909999999999844e-01 6.087920000000000354e-04
1.218181818181818032e+00 -6.756480000000000263e-01 3.956060000000000067e-04
1.246464646464646275e+00 -6.652799999999999825e-01 4.274319999999999964e-04
1.274747474747474740e+00 -6.553839999999999666e-01 4.088869999999999766e-04
1.303030303030302983e+00 -6.454109999999999570e-01 3.942300000000000253e-04
1.331313131313131226e+00 -6.353119999999999878e-01 3.903549999999999989e-04
1.359595959595959469e+00 -6.256650000000000267e-01 4.493100000000000197e-04
1.387878787878787712e+00 -6.172769999999999646e-01 4.184540000000000156e-04
1.416161616161615955e+00 -6.083319999999999839e-01 3.549320000000000231e-04
1.444444444444444420e+00 -5.994319999999999649e-01 3.703299999999999865e-04
1.472727272727272663e+00 -5.900130000000000097e-01 3.292020000000000102e-04
1.501010101010100906e+00 -5.819170000000000176e-01 3.672670000000000058e-04
1.529292929292929148e+00 -5.740260000000000362e-01 5.319380000000000289e-04
1.557575757575757391e+00 -5.658549999999999969e-01 3.835199999999999872e-04
1.585858585858585634e+00 -5.581679999999999975e-01 4.629899999999999836e-04
1.614141414141414099e+00 -5.501310000000000366e-01 3.950339999999999993e-04
1.642424242424242342e+00 -5.428309999999999524e-01 3.975790000000000097e-04
1.670707070707070585e+00 -5.363440000000000429e-01 3.256169999999999963e-04
1.698989898989898828e+00 -5.288359999999999728e-01 4.245610000000000031e-04
1.727272727272727071e+00 -5.214029999999999498e-01 3.975890000000000045e-04
1.755555555555555314e+00 -5.148399999999999643e-01 3.083529999999999800e-04
1.783838383838383779e+00 -5.084689999999999488e-01 4.196940000000000241e-04
1.812121212121212022e+00 -5.019959999999999978e-01 3.855899999999999996e-04
1.840404040404040265e+00 -4.957590000000000052e-01 4.314939999999999856e-04
1.868686868686868507e+00 -4.898560000000000136e-01 4.403869999999999833e-04
1.896969696969696750e+00 -4.835139999999999993e-01 4.271289999999999961e-04
1.925252525252524993e+00 -4.771369999999999778e-01 3.715449999999999807e-04
1.953535353535353458e+00 -4.715960000000000152e-01 4.170120000000000250e-04
1.981818181818181701e+00 -4.655619999999999759e-01 3.555480000000000185e-04
