5.111111111111110716e-01 8.838099999999999845e-01 1.027830000000000063e-02
5.393939393939393145e-01 8.432399999999999896e-01 1.179340000000000076e-02
5.676767676767676685e-01 7.868849999999999456e-01 9.891010000000000427e-03
5.959595959595960224e-01 7.150889999999999747e-01 1.055649999999999991e-02
6.242424242424242653e-01 6.401630000000000376e-01 9.798360000000000750e-03
6.525252525252525082e-01 5.596489999999999521e-01 9.546100000000000071e-03
6.808080808080807511e-01 4.980589999999999740e-01 8.752769999999999995e-03
7.090909090909089940e-01 4.364700000000000246e-01 7.915880000000000138e-03
7.373737373737374590e-01 3.850239999999999774e-01 7.537519999999999810e-03
7.656565656565657019e-01 3.430799999999999961e-01 6.266230000000000237e-03
7.939393939393939448e-01 3.038100000000000245e-01 5.259790000000000298e-03
8.222222222222221877e-01 2.684799999999999964e-01 4.631070000000000152e-03
8.505050505050504306e-01 2.441669999999999952e-01 4.740000000000000289e-03
8.787878787878786735e-01 2.204139999999999988e-01 4.926159999999999740e-03
9.070707070707071384e-01 1.978729999999999933e-01 4.228810000000000381e-03
9.353535353535353813e-01 1.802860000000000018e-01 3.773209999999999932e-03
9.636363636363636243e-01 1.647399999999999975e-01 3.485359999999999847e-03
9.919191919191918672e-01 1.494499999999999995e-01 3.075350000000000132e-03
1.020202020202020110e+00 1.358070000000000110e-01 2.692239999999999824e-03
1.048484848484848353e+00 1.253660000000000052e-01 2.725930000000000106e-03
1.076767676767676818e+00 1.162509999999999932e-01 2.555149999999999956e-03
1.105050505050505061e+00 1.084169999999999995e-01 2.464370000000000015e-03
1.133333333333333304e+00 1.008919999999999956e-01 2.234659999999999858e-03
1.161616161616161547e+00 9.529490000000000183e-02 2.190339999999999822e-03
1.189898989898989790e+00 9.055970000000000686e-02 2.011709999999999887e-03
1.218181818181818032e+00 8.411340000000000483e-02 1.849469999999999977e-03
1.246464646464646275e+00 7.920449999999999713e-02 1.778410000000000017e-03
1.274747474747474740e+00 7.413500000000000645e-02 1.767770000000000105e-03
1.303030303030302983e+00 6.961539999999999395e-02 1.691159999999999929e-03
1.331313131313131226e+00 6.655339999999999867e-02 1.783649999999999906e-03
1.359595959595959469e+00 6.285419999999999896e-02 1.696479999999999993e-03
1.387878787878787712e+00 5.994619999999999810e-02 1.609870000000000008e-03
1.416161616161615955e+00 5.721239999999999659e-02 1.515029999999999892e-03
1.444444444444444420e+00 5.447889999999999677e-02 1.529589999999999943e-03
1.472727272727272663e+00 5.223450000000000315e-02 1.460539999999999972e-03
1.501010101010100906e+00 4.975860000000000005e-02 1.442890000000000058e-03
1.529292929292929148e+00 4.723680000000000240e-02 1.401780000000000040e-03
1.557575757575757391e+00 4.517440000000000344e-02 1.356769999999999981e-03
1.585858585858585634e+00 4.362959999999999755e-02 1.315519999999999927e-03
1.614141414141414099e+00 4.222379999999999883e-02 1.267279999999999969e-03
1.642424242424242342e+00 4.052159999999999790e-02 1.185539999999999901e-03
1.670707070707070585e+00 3.908219999999999750e-02 1.103400000000000040e-03
1.698989898989898828e+00 3.779600000000000320e-02 1.057310000000000107e-03
1.727272727272727071e+00 3.632230000000000181e-02 9.914740000000000011e-04
1.755555555555555314e+00 3.492560000000000109e-02 9.330799999999999771e-04
1.783838383838383779e+00 3.407919999999999700e-02 8.829410000000000426e-04
1.812121212121212022e+00 3.272859999999999658e-02 8.417130000000000098e-04
1.840404040404040265e+00 3.152959999999999791e-02 8.452610000000000375e-04
1.868686868686868507e+00 3.051229999999999914e-02 8.274040000000000084e-04
1.896969696969696750e+00 2.953420000000000004e-02 8.333740000000000071e-04
1.925252525252524993e+00 2.884019999999999986e-02 8.353419999999999856e-04
1.953535353535353458e+00 2.815990000000000160e-02 8.104969999999999753e-04
1.981818181818181701e+00 2.742290000000000005e-02 8.044929999999999833e-04
