5.111111111111110716e-01 8.768310000000000271e-01 1.109399999999999969e-02
5.393939393939393145e-01 8.278090000000000170e-01 1.183200000000000050e-02
5.676767676767676685e-01 7.508780000000000454e-01 1.145990000000000029e-02
5.959595959595960224e-01 6.662860000000000449e-01 1.049059999999999923e-02
6.242424242424242653e-01 6.218230000000000146e-01 8.815860000000000016e-03
6.525252525252525082e-01 5.535090000000000288e-01 7.702589999999999611e-03
6.808080808080807511e-01 4.848500000000000032e-01 8.148060000000000372e-03
7.090909090909089940e-01 4.207810000000000161e-01 6.613700000000000134e-03
7.373737373737374590e-01 3.882039999999999935e-01 5.650920000000000248e-03
7.656565656565657019e-01 3.459229999999999805e-01 4.826719999999999622e-03
7.939393939393939448e-01 2.968430000000000235e-01 5.157229999999999627e-03
8.222222222222221877e-01 2.634230000000000183e-01 4.665850000000000032e-03
8.505050505050504306e-01 2.384610000000000063e-01 4.046400000000000344e-03
8.787878787878786735e-01 2.197709999999999941e-01 2.664039999999999898e-03
9.070707070707071384e-01 1.952369999999999939e-01 2.566510000000000145e-03
9.353535353535353813e-01 1.740899999999999948e-01 2.691320000000000084e-03
9.636363636363636243e-01 1.602580000000000116e-01 2.746970000000000054e-03
9.919191919191918672e-01 1.470629999999999993e-01 2.808610000000000013e-03
1.020202020202020110e+00 1.325989999999999946e-01 2.187600000000000048e-03
1.048484848484848353e+00 1.271690000000000043e-01 1.815830000000000048e-03
1.076767676767676818e+00 1.205409999999999954e-01 2.099300000000000124e-03
1.105050505050505061e+00 1.088230000000000031e-01 1.453979999999999899e-03
1.133333333333333304e+00 1.027539999999999981e-01 1.725380000000000099e-03
1.161616161616161547e+00 9.602289999999999437e-02 1.323189999999999913e-03
1.189898989898989790e+00 8.958480000000000609e-02 1.822430000000000100e-03
1.218181818181818032e+00 8.469580000000000164e-02 1.430099999999999904e-03
1.246464646464646275e+00 7.822260000000000324e-02 1.220699999999999910e-03
1.274747474747474740e+00 7.235010000000000052e-02 1.292259999999999937e-03
1.303030303030302983e+00 7.143570000000000475e-02 1.240589999999999965e-03
1.331313131313131226e+00 6.633070000000000632e-02 1.200410000000000062e-03
1.359595959595959469e+00 6.493849999999999623e-02 1.169550000000000103e-03
1.387878787878787712e+00 6.172380000000000227e-02 1.120239999999999994e-03
1.416161616161615955e+00 5.842200000000000171e-02 1.113770000000000038e-03
1.444444444444444420e+00 5.441639999999999672e-02 1.091320000000000007e-03
1.472727272727272663e+00 5.198420000000000124e-02 7.360519999999999520e-04
1.501010101010100906e+00 4.994930000000000203e-02 9.520499999999999666e-04
1.529292929292929148e+00 4.871099999999999736e-02 7.059530000000000492e-04
1.557575757575757391e+00 4.704230000000000217e-02 8.052549999999999465e-04
1.585858585858585634e+00 4.447050000000000308e-02 7.526670000000000495e-04
1.614141414141414099e+00 4.352609999999999812e-02 8.094950000000000279e-04
1.642424242424242342e+00 4.163669999999999871e-02 9.606140000000000425e-04
1.670707070707070585e+00 3.831520000000000065e-02 7.742909999999999767e-04
1.698989898989898828e+00 3.828140000000000015e-02 6.594870000000000506e-04
1.727272727272727071e+00 3.675629999999999870e-02 6.856759999999999721e-04
1.755555555555555314e+00 3.452580000000000232e-02 6.994699999999999963e-04
1.783838383838383779e+00 3.417909999999999698e-02 7.258640000000000014e-04
1.812121212121212022e+00 3.343530000000000113e-02 6.733690000000000508e-04
1.840404040404040265e+00 3.192570000000000130e-02 7.284779999999999598e-04
1.868686868686868507e+00 3.174010000000000026e-02 4.789190000000000135e-04
1.896969696969696750e+00 3.064139999999999919e-02 6.631480000000000144e-04
1.925252525252524993e+00 2.974730000000000082e-02 5.905139999999999912e-04
1.953535353535353458e+00 2.941589999999999830e-02 6.023919999999999882e-04
1.981818181818181701e+00 2.845740000000000075e-02 6.891889999999999909e-04
