5.111111111111110716e-01 7.386929999999999552e+01 9.461580000000000545e-01
5.393939393939393145e-01 6.239909999999999712e+01 1.353220000000000089e+00
5.676767676767676685e-01 5.344659999999999656e+01 9.335149999999999837e-01
5.959595959595960224e-01 4.501520000000000010e+01 7.313960000000000461e-01
6.242424242424242653e-01 3.800860000000000127e+01 7.795729999999999604e-01
6.525252525252525082e-01 3.100000000000000000e+01 6.122450000000000392e-01
6.808080808080807511e-01 2.703819999999999979e+01 4.126679999999999793e-01
7.090909090909089940e-01 2.305720000000000169e+01 3.600189999999999779e-01
7.373737373737374590e-01 2.031929999999999836e+01 2.802520000000000011e-01
7.656565656565657019e-01 1.769290000000000163e+01 2.025939999999999963e-01
7.939393939393939448e-01 1.544989999999999952e+01 2.335949999999999971e-01
8.222222222222221877e-01 1.383619999999999983e+01 1.978669999999999873e-01
8.505050505050504306e-01 1.226309999999999967e+01 1.716969999999999885e-01
8.787878787878786735e-01 1.151009999999999955e+01 1.933749999999999913e-01
9.070707070707071384e-01 9.921450000000000102e+00 8.499539999999999873e-02
9.353535353535353813e-01 9.047719999999999985e+00 9.590819999999999901e-02
9.636363636363636243e-01 8.146200000000000330e+00 1.197990000000000027e-01
9.919191919191918672e-01 7.545499999999999652e+00 9.755809999999999482e-02
1.020202020202020110e+00 6.987210000000000143e+00 7.042220000000000424e-02
1.048484848484848353e+00 6.486620000000000275e+00 6.088770000000000293e-02
1.076767676767676818e+00 5.972000000000000419e+00 5.162839999999999790e-02
1.105050505050505061e+00 5.594000000000000306e+00 3.765879999999999922e-02
1.133333333333333304e+00 5.146219999999999573e+00 4.339889999999999720e-02
1.161616161616161547e+00 4.883230000000000182e+00 5.380630000000000135e-02
1.189898989898989790e+00 4.528830000000000133e+00 3.532649999999999679e-02
1.218181818181818032e+00 4.198940000000000339e+00 3.802799999999999930e-02
1.246464646464646275e+00 3.988189999999999902e+00 3.705379999999999785e-02
1.274747474747474740e+00 3.782000000000000028e+00 2.818599999999999925e-02
1.303030303030302983e+00 3.531759999999999788e+00 2.275529999999999914e-02
1.331313131313131226e+00 3.356360000000000010e+00 2.346339999999999884e-02
1.359595959595959469e+00 3.161129999999999995e+00 2.214150000000000146e-02
1.387878787878787712e+00 3.076140000000000096e+00 2.151540000000000050e-02
1.416161616161615955e+00 2.921199999999999797e+00 1.248480000000000076e-02
1.444444444444444420e+00 2.752439999999999998e+00 2.151080000000000006e-02
1.472727272727272663e+00 2.635130000000000194e+00 1.394220000000000008e-02
1.501010101010100906e+00 2.560080000000000133e+00 1.337200000000000021e-02
1.529292929292929148e+00 2.442919999999999980e+00 1.404900000000000072e-02
1.557575757575757391e+00 2.314200000000000035e+00 1.278740000000000085e-02
1.585858585858585634e+00 2.237089999999999801e+00 1.466579999999999967e-02
1.614141414141414099e+00 2.121220000000000105e+00 1.328780000000000065e-02
1.642424242424242342e+00 2.043639999999999901e+00 1.634580000000000061e-02
1.670707070707070585e+00 1.968620000000000037e+00 1.154140000000000027e-02
1.698989898989898828e+00 1.898579999999999934e+00 1.448759999999999978e-02
1.727272727272727071e+00 1.843939999999999912e+00 8.947019999999999973e-03
1.755555555555555314e+00 1.799509999999999943e+00 1.018299999999999934e-02
1.783838383838383779e+00 1.734629999999999894e+00 8.515740000000000809e-03
1.812121212121212022e+00 1.649199999999999999e+00 7.800389999999999928e-03
1.840404040404040265e+00 1.617040000000000033e+00 9.993109999999999493e-03
1.868686868686868507e+00 1.556629999999999958e+00 8.408689999999999914e-03
1.896969696969696750e+00 1.521130000000000093e+00 1.038290000000000046e-02
1.925252525252524993e+00 1.471009999999999929e+00 6.952179999999999645e-03
1.953535353535353458e+00 1.424639999999999906e+00 5.601450000000000005e-03
1.981818181818181701e+00 1.380060000000000064e+00 7.410250000000000170e-03
