5.111111111111110716e-01 7.111480000000000246e+01 1.487139999999999906e+00
5.393939393939393145e-01 6.122220000000000084e+01 1.489819999999999922e+00
5.676767676767676685e-01 5.270929999999999893e+01 1.283800000000000052e+00
5.959595959595960224e-01 4.426350000000000051e+01 1.072629999999999972e+00
6.242424242424242653e-01 3.780799999999999983e+01 6.002020000000000133e-01
6.525252525252525082e-01 3.231439999999999912e+01 7.167170000000000485e-01
6.808080808080807511e-01 2.784489999999999910e+01 8.269870000000000276e-01
7.090909090909089940e-01 2.349340000000000117e+01 6.096359999999999557e-01
7.373737373737374590e-01 2.054639999999999844e+01 4.879450000000000176e-01
7.656565656565657019e-01 1.782369999999999877e+01 3.605430000000000024e-01
7.939393939393939448e-01 1.560410000000000075e+01 3.127770000000000272e-01
8.222222222222221877e-01 1.368030000000000079e+01 2.283479999999999954e-01
8.505050505050504306e-01 1.203350000000000009e+01 2.182270000000000043e-01
8.787878787878786735e-01 1.089289999999999914e+01 1.723830000000000084e-01
9.070707070707071384e-01 9.947229999999999350e+00 1.545600000000000029e-01
9.353535353535353813e-01 8.950189999999999202e+00 1.391020000000000034e-01
9.636363636363636243e-01 8.117119999999999891e+00 1.241860000000000047e-01
9.919191919191918672e-01 7.505620000000000402e+00 1.150329999999999964e-01
1.020202020202020110e+00 6.880270000000000330e+00 8.136559999999999626e-02
1.048484848484848353e+00 6.444320000000000270e+00 9.038859999999999950e-02
1.076767676767676818e+00 5.947779999999999845e+00 7.703630000000000200e-02
1.105050505050505061e+00 5.537359999999999616e+00 6.561400000000000565e-02
1.133333333333333304e+00 5.141910000000000203e+00 6.045450000000000129e-02
1.161616161616161547e+00 4.834050000000000402e+00 5.465590000000000032e-02
1.189898989898989790e+00 4.513550000000000395e+00 4.043429999999999941e-02
1.218181818181818032e+00 4.267140000000000377e+00 3.351710000000000106e-02
1.246464646464646275e+00 4.028330000000000410e+00 3.472129999999999661e-02
1.274747474747474740e+00 3.802020000000000177e+00 3.230129999999999807e-02
1.303030303030302983e+00 3.593739999999999934e+00 2.635149999999999992e-02
1.331313131313131226e+00 3.385709999999999997e+00 2.460259999999999878e-02
1.359595959595959469e+00 3.217649999999999899e+00 2.439790000000000014e-02
1.387878787878787712e+00 3.052890000000000104e+00 2.297609999999999930e-02
1.416161616161615955e+00 2.909720000000000084e+00 2.218619999999999967e-02
1.444444444444444420e+00 2.770129999999999981e+00 1.857860000000000067e-02
1.472727272727272663e+00 2.653709999999999791e+00 1.632689999999999836e-02
1.501010101010100906e+00 2.521529999999999827e+00 1.515670000000000038e-02
1.529292929292929148e+00 2.416760000000000019e+00 1.603910000000000058e-02
1.557575757575757391e+00 2.334449999999999914e+00 1.550520000000000023e-02
1.585858585858585634e+00 2.236800000000000122e+00 1.282999999999999939e-02
1.614141414141414099e+00 2.138170000000000126e+00 1.105030000000000075e-02
1.642424242424242342e+00 2.063759999999999817e+00 1.088809999999999951e-02
1.670707070707070585e+00 1.987770000000000037e+00 1.135530000000000046e-02
1.698989898989898828e+00 1.902870000000000061e+00 1.137810000000000037e-02
1.727272727272727071e+00 1.833919999999999995e+00 1.108430000000000006e-02
1.755555555555555314e+00 1.769230000000000080e+00 1.024010000000000024e-02
1.783838383838383779e+00 1.711829999999999963e+00 1.022059999999999982e-02
1.812121212121212022e+00 1.656139999999999946e+00 9.025609999999999883e-03
1.840404040404040265e+00 1.602540000000000076e+00 8.168720000000000842e-03
1.868686868686868507e+00 1.550410000000000066e+00 8.847809999999999356e-03
1.896969696969696750e+00 1.500720000000000054e+00 7.436479999999999653e-03
1.925252525252524993e+00 1.458499999999999908e+00 7.061129999999999664e-03
1.953535353535353458e+00 1.416919999999999957e+00 6.661280000000000326e-03
1.981818181818181701e+00 1.375229999999999952e+00 5.931449999999999570e-03
